100
47.09
-11.15
-3.50
-0.82
48.75
-28.09
-18.73
-25.83
-45.49
19.51
2.78
0.53
-17.42
22.10
-19.34
-39.57
-33.16
12.75
-26.13
45.03
-10.40
-49.35
-13.54
-42.07
-16.04
-41.87
25.22
2.81
46.88
-43.86
-30.90
-0.94
29.76
10.29
25.35
-12.15
2.65
-4.83
14.95
-11.47
20.05
7.95
-48.23
39.74
-48.28
14.16
-46.51
13.44
-19.92
-11.87
-49.62
20.93
7.62
18.67
38.17
39.60
-38.05
-13.57
-44.87
-23.10
34.24
-16.32
-49.73
-46.55
37.45
39.48
49.52
31.22
24.88
33.50
19.71
34.73
-33.43
30.62
-23.41
13.10
41.58
44.63
-17.90
-30.62
-32.84
44.65
29.03
39.43
-47.25
-49.73
16.12
37.60
36.12
22.93
-23.89
-1.28
31.75
49.88
30.33
36.73
-2.49
34.54
8.96
9.20
4.58
-47.67
-6.34
23.82
-22.10
4.79
10.96
48.24
-40.65
6.19
28.58
-12.44
34.54
-33.07
-15.20
-24.51
-44.45
-4.36
11.18
-15.64
-13.58
28.14
-7.14
-3.09
-3.99
5.52
47.32
-1.53
24.01
-34.22
-7.39
42.03
49.30
-15.94
18.90
10.64
-2.30
-5.06
-26.40
-48.40
35.68
-43.22
19.46
-14.66
10.61
-26.69
27.68
-2.01
14.27
-29.96
23.27
11.23
-34.05
34.41
9.20
-14.34
34.53
-32.11
-43.05
-45.46
44.47
-34.95
-33.32
3.70
39.80
30.58
-32.14
10.27
12.37
-31.69
-47.35
28.10
35.80
28.32
8.39
-39.08
-15.08
-22.27
43.38
-4.39
-37.91
-31.21
-19.80
-22.56
-3.62
14.01
25.01
-3.22
29.26
41.96
7.68
22.37
-48.50
0.06
27.82
-39.71
9.80
-9.35
34.69
39.62
-41.04
-24.52
15.21
25.79
-4.47
-39.60
-36.32
41.04
-27.73
-23.52
-40.94
27.67
-40.52
7.23
-18.50
24.16
-11.63
-27.79
-41.80
36.93
-14.88
-33.40
40.84
-18.80
-20.59
-26.34
-18.61
33.35
-49.21
12.36
-8.47
-16.15
-41.92
-44.07
41.76
5.41
-17.72
-41.05
-19.08
-46.24
1.94
-39.95
34.08
0.06
11.42
-14.41
-32.69
-46.55
-13.03
-34.67
-8.30
-30.36
3.55
-14.27
15.69
-42.63
5.93
48.19
44.65
-11.70
41.83
-29.41
-30.04
-12.08
-28.18
-31.41
-14.33
35.10
-18.85
-20.05
20.60
26.22
31.78
49.97
-24.33
-33.92
9.72
-21.02
12.18
32.29
42.02
43.82
45.42
22.52
-18.95
44.56
-40.43
34.50
-21.13
-5.21
-25.00
47.80
4.30
-30.55
-32.76
-26.90
-13.37
47.43
-42.36
9.98
5.90
38.10
-29.33
7.40
-12.56
-39.43
-20.32
-47.66
0.29
-47.65
43.96
21.59
3.59
20.31
-26.76
19.35
32.67
10.72
42.94
-11.16
-32.27
-32.31
23.20
30.14
-18.29
-30.32
-22.25
-21.56
21.28
-17.99
35.21
-3.24
35.04
40.54
34.14
15.82
26.45
-14.18
-3.67
9.62
-24.57
0.38
-12.37
30.18
42.34
-37.31
-15.05
37.23
40.60
20.51
-20.46
49.42
40.40
3.59
11.56
12.58
44.48
41.13
49.28
27.29
-40.29
23.07
-2.82
3.44
-27.18
45.53
41.72
12.39
27.46
11.18
20.88
-11.20
-8.88
12.45
34.12
-6.17
-5.01
12.17
-6.74
-11.32
27.69
-49.92
-48.57
-16.59
-35.20
45.88
37.24
19.78
19.72
40.21
-35.61
18.83
9.00
13.06
-16.86
-26.12
35.29
46.13
-10.63
-1.95
4.36
-49.62
9.39
41.64
9.31
-37.42
34.22
-20.77
34.69
26.35
-14.26
28.80
-44.03
11.57
-40.89
6.27
35.58
-5.93
0.38
37.13
46.01
12.30
46.77
44.52
-17.77
41.74
-22.10
7.43
-38.65
-21.10
0.92
36.62
45.44
7.21
19.43
46.78
-34.84
24.38
17.36
13.00
-33.56
47.29
21.82
-12.62
-49.83
-25.61
-3.36
17.08
25.72
-22.01
-42.59
49.19
-46.79
19.20
-7.42
29.66
6.42
26.73
21.01
3.59
48.74
-42.40
15.65
2.51
-22.44
-37.58
-24.20
-39.49
-40.60
10.97
35.50
35.73
47.51
-5.44
-45.25
26.03
46.31
11.32
-48.30
-41.23
-36.77
-42.79
-0.81
2.99
-32.79
-8.42
26.80
-0.15
-44.56
19.08
41.15
31.64
15.11
31.85
0.93
-46.53
-44.72
-14.53
-38.75
-7.27
-24.44
39.92
31.99
-19.08
32.84
-16.68
-21.43
20.32
-34.80
-30.24
30.72
3.37
32.81
45.30
-45.71
-3.51
39.75
6.43
-15.42
-27.49
7.90
33.83
15.70
25.21
-15.94
-29.11
-10.24
28.37
-24.90
-28.66
32.23
7.77
22.26
23.22
35.36
-20.97
45.43
-32.61
0.08
-33.10
10.96
-32.09
8.94
-37.75
2.48
-40.88
17.20
-8.11
3.18
-10.53
17.57
-26.59
30.07
5.60
-44.85
1.99
-3.87
-27.83
43.42
-30.08
14.51
2.39
-40.43
-49.68
0.53
-17.78
-21.79
-13.50
-28.19
7.32
35.83
15.63
-5.41
15.95
5.56
21.41
-24.71
-6.77
1.54
-45.93
-49.74
42.62
25.29
-21.88
-16.20
-30.90
12.59
8.31
44.89
-4.86
39.02
-27.55
-3.77
35.17
-5.76
-3.73
-3.94
-12.49
41.08
39.69
-17.61
-36.59
34.07
26.71
-17.52
-37.75
-16.22
1.70
-34.08
19.12
18.30
13.90
38.92
-3.57
11.46
-21.44
-40.57
-35.22
18.18
-11.24
37.95
19.88
-17.84
-45.35
-22.64
12.20
-41.96
28.60
-3.52
23.96
21.22
33.93
-23.11
13.86
21.74
-47.20
-30.04
-35.47
-24.06
44.10
2.39
9.54
-20.95
-43.32
22.09
-12.47
-34.63
-25.52
33.67
-30.67
38.63
-19.14
-17.01
30.81
44.44
-42.65
-36.51
-1.18
-40.64
38.26
33.70
-19.43
26.52
27.53
-45.24
-2.25
-23.56
46.17
-20.17
-13.93
33.61
19.96
-47.29
-12.14
24.14
35.51
2.45
-38.94
-31.79
-10.02
-47.44
-48.74
-38.33
34.67
-1.19
25.38
26.15
-33.78
47.95
44.99
33.87
-49.93
-48.89
-34.53
-5.69
-29.25
10.58
-16.83
23.40
-9.18
-14.12
16.93
2.66
-33.77
-23.50
2.36
-24.00
9.63
12.21
-1.90
24.42
14.99
39.33
-48.52
5.51
-42.60
-48.65
47.78
43.79
-40.41
-24.15
-27.88
10.25
-26.44
-4.05
45.83
35.23
-40.17
-45.52
-39.74
-42.57
-40.41
-38.53
20.09
23.40
45.78
1.72
25.52
17.27
7.83
17.93
-31.83
18.03
-28.19
27.33
-11.12
-46.66
-16.94
14.74
47.60
42.74
-18.85
33.37
-15.13
0.93
-21.12
36.55
12.83
2.06
15.98
-42.47
-40.74
-10.06
-3.69
-47.00
2.66
-44.35
32.58
26.25
-21.62
-5.93
16.82
-49.73
6.58
-5.97
6.57
17.98
-9.14
12.76
-32.92
-42.70
-36.48
34.79
37.74
-38.18
7.97
17.79
-2.35
4.60
-28.43
-16.43
-10.60
22.17
-6.37
20.89
22.93
-21.50
12.10
28.84
22.01
44.64
-20.16
44.23
-5.37
-41.20
16.95
-35.30
5.78
-36.40
48.89
0.31
5.96
-47.36
32.06
-39.23
22.07
-3.16
48.06
12.90
48.87
-37.52
-43.97
23.38
-11.74
-22.38
28.04
35.73
-28.36
-48.86
-42.64
17.11
-33.93
-0.31
20.97
-49.50
8.95
-8.22
-1.38
40.97
37.80
-24.60
-0.85
-49.11
-18.15
15.65
21.17
-21.83
-39.50
32.57
-19.52
44.24
-10.22
-4.49
-30.99
-36.19
32.74
0.28
-28.49
27.43
41.99
27.77
-44.87
39.41
33.67
-40.87
-35.68
18.75
0.54
0.92
-0.91
-11.26
19.34
-43.69
28.01
-47.75
32.25
-36.49
-10.96
-26.31
-14.19
10.78
-38.92
-33.60
-8.24
29.27
47.06
14.70
33.98
-40.87
-4.56
43.41
-16.95
-17.54
0.98
-15.39
-4.14
17.34
-31.74
-18.77
-28.41
-28.80
-8.56
10.27
7.00
-41.02
2.65
4.50
44.57
1.80
-32.30
0.87
34.89
35.08
-36.93
46.34
41.17
-28.17
-49.54
47.30
-1.85
-13.83
-23.35
-42.45
0.49
5.02
-34.44
-38.43
36.11
21.92
36.28
24.79
-0.88
-24.36
-23.15
-49.51
13.74
-31.38
26.58
4.49
-24.21
35.47
-28.27
42.66
-28.42
10.01
38.81
4.08
-34.74
-18.90
-21.92
13.07
-44.61
-28.18
-34.47
-32.90
-11.23
24.56
15.84
-25.74
-14.48
25.42
-8.69
44.06
-26.66
-44.92
11.93
28.37
-49.59
10.94
20.29
-44.59
-2.89
4.90
32.00
-0.93
34.33
5.26
6.62
-21.56
-16.96
-42.95
7.43
-12.44
13.87
-14.70
-20.99
14.73
-11.79
-42.00
-38.77
21.84
-16.88
-38.06
-24.95
19.73
-38.98
22.98
-38.74
-6.73
-7.77
-14.96
26.70
1.14
-36.47
46.94
-45.72
-0.28
9.04
44.80
-37.36
17.77
-18.84
-40.94
-40.51
39.27
38.73
20.08
18.68
35.45
-32.84
-16.38
24.83
23.77
-38.90
48.86
-27.75
21.72
-6.09
-4.82
-25.24
6.25
-29.70
21.35
41.84
-14.20
8.51
-19.06
3.03
41.43
26.76
21.05
17.58
-4.36
14.80
48.16
-11.24
23.45
-43.83
-35.72
13.86
28.61
29.12
39.59
39.57
-30.07
-44.93
13.45
-39.95
37.46
-17.92
44.72
-9.81
46.47
-11.89
-35.47
-29.68
38.20
-36.38
19.77
10.00
-49.14
-13.53
34.04
-41.40
-48.40
33.52
-45.69
-1.90
0.98
-17.64
-3.94
-10.36
-45.16
44.84
47.50
-30.53
-4.35
39.30
44.53
-17.68
25.04
-47.69
-18.40
-39.45
42.51
-36.94
-18.64
5.98
-18.68
3.09
5.88
7.96
-27.91
2.82
-44.43
36.08
-43.11
32.16
-31.25
-21.25
-17.78
-22.49
4.05
-40.03
-41.94
9.50
-39.08
-44.24
-18.11
-13.00
-30.84
48.93
-8.48
11.47
-42.45
6.53
28.72
-7.08
-6.33
37.40
-33.25
13.55
-27.68
-10.58
-20.79
-21.13
18.37
-24.52
5.15
26.72
-38.80
-24.77
-4.15
24.86
32.77
45.71
12.44
24.79
38.89
-11.90
-19.73
-44.45
-45.72
-39.90
-3.95
34.91
-4.12
-6.04
26.56
47.37
36.25
-21.53
34.21
-11.43
28.79
-9.74
13.91
3.90
30.25
14.10
28.15
-44.76
22.19
-24.72
-17.29
34.66
-47.00
17.69
-5.66
6.07
44.51
0.78
-36.78
-3.21
33.37
-44.30
-21.79
-20.18
46.19
36.25
-49.03
-15.50
39.75
24.00
-4.01
48.32
-27.35
-1.53
48.11
-23.92
13.27
-37.05
36.52
3.65
30.35
24.84
14.67
-26.80
-42.77
-35.19
-20.64
14.48
-31.57
-6.08
-0.98
-7.80
-41.89
-10.44
11.11
23.62
-35.82
21.82
41.70
-7.70
38.59
30.24
46.44
-15.80
24.98
-12.17
-28.48
-49.68
-32.09
-6.45
-14.54
-43.30
44.68
-32.07
38.43
16.81
-19.94
-12.93
-35.78
14.10
-22.60
-20.37
-48.02
13.25
-24.93
28.83
-20.27
27.32
16.48
-33.44
19.65
-44.83
3.89
20.46
-3.57
28.46
-8.42
-23.42
4.26
10.93
-37.79
49.71
-34.51
-26.20
21.84
11.66
44.45
30.84
43.59
13.65
13.80
-45.98
-12.19
-46.79
7.44
6.57
27.30
-21.77
-15.96
23.95
10.35
-8.75
-31.75
45.44
1.36
15.52
32.82
48.87
49.08
11.14
34.46
-30.56
45.95
-15.59
18.14
-10.11
-41.57
16.12
-39.29
-26.30
27.86
46.00
33.07
-24.45
-35.77
-10.64
21.94
4.27
-18.92
29.42
-32.69
31.88
48.56
24.04
39.77
39.85
-25.80
-10.56
2.97
-31.73
-44.13
-25.20
-19.15
-12.67
-10.21
21.57
-23.33
41.38
-41.71
9.33
-28.39
25.83
-33.77
25.85
-35.88
44.27
42.94
-36.63
-1.70
-40.87
-22.50
35.28
-30.75
-6.78
9.08
27.82
-13.31
-38.95
-48.94
49.97
24.15
9.28
-11.78
21.37
-19.66
23.77
49.43
42.88
31.83
16.94
24.77
27.21
-38.21
43.75
-34.16
28.34
8.06
7.20
-19.56
-2.72
-14.30
4.92
9.19
9.28
4.30
37.22
49.96
-47.25
18.05
44.13
-21.13
44.14
18.07
-36.13
1.28
33.94
0.65
8.43
-45.20
-0.39
22.55
33.47
-21.98
-21.52
-14.97
39.00
-47.06
-19.96
-27.96
-25.06
27.03
31.12
4.80
41.60
21.90
49.70
-35.17
-31.39
39.02
13.64
-19.21
28.12
-19.15
-11.17
-29.69
-11.99
15.12
8.50
-22.09
39.13
24.19
49.45
-48.31
36.91
-2.72
34.64
-42.00
-17.81
43.37
2.04
41.20
28.76
25.32
19.03
-2.20
45.61
41.24
-10.93
49.35
-18.98
8.73
-7.61
-33.93
-27.53
39.32
26.36
14.83
21.33
25.78
-37.32
-20.80
4.72
3.43
18.29
26.71
28.14
-11.86
44.90
-20.77
32.01
37.97
-21.99
-24.33
-47.23
33.76
-49.45
3.61
5.09
24.30
-31.62
15.75
-4.68
35.92
-34.53
40.69
-1.43
3.69
5.00
43.41
31.69
41.25
-30.57
-9.78
32.73
30.03
-12.92
25.48
13.88
-25.13
-23.91
-27.16
-10.82
42.91
47.26
32.52
-9.00
-24.81
-3.28
-42.14
-19.83
36.30
36.45
-40.51
23.03
46.59
-43.66
3.36
-43.74
23.30
-15.37
40.15
-15.16
42.59
15.71
27.85
-37.82
22.35
3.60
-13.10
-17.45
17.67
-22.36
-42.53
-24.48
15.21
22.82
12.72
29.59
10.36
-18.68
18.06
-11.80
-47.71
-25.75
16.88
-45.31
45.71
12.90
-33.90
15.33
5.41
-32.80
40.91
39.07
-30.10
-13.84
-22.24
41.32
-6.24
19.30
26.70
5.14
-45.02
-28.48
40.11
37.91
33.08
34.50
33.17
3.87
36.49
-22.96
13.68
14.01
-16.24
44.18
-6.74
-26.78
-28.01
9.90
-39.45
-17.99
-1.96
-47.62
17.82
-35.20
33.38
-28.17
-43.02
-49.62
-8.19
-48.87
-21.86
-38.89
-29.27
-32.84
34.90
-22.69
-8.67
-3.06
23.60
30.51
10.76
26.71
21.24
45.17
30.34
-35.59
16.22
-7.68
-22.32
-23.58
-30.66
40.48
-2.08
18.07
-11.26
-10.78
49.36
3.85
1.53
49.32
-37.62
-31.67
-42.28
-10.75
-13.34
1.39
7.05
2.77
21.81
2.71
48.58
-35.36
-1.09
-10.56
-35.58
32.23
-43.55
8.22
13.86
19.86
33.33
48.31
-17.54
19.39
-16.64
26.01
-48.31
-34.06
1.33
12.12
-20.97
-49.39
38.83
4.26
-44.08
-36.43
-20.42
3.41
41.63
10.41
38.83
40.35
-45.50
-18.01
48.71
11.83
39.13
-26.00
-7.05
28.26
17.96
46.21
-42.41
45.60
-21.45
-16.64
-27.77
-47.69
44.42
-30.40
26.01
9.00
26.23
16.94
-43.82
-6.78
-47.10
-5.82
23.69
-15.30
37.46
-12.55
9.50
37.45
41.53
-13.99
-11.45
24.18
-36.34
27.76
-36.20
5.91
-7.75
-42.31
-28.00
-25.04
31.29
49.46
4.80
43.05
28.76
15.48
24.31
-1.98
11.69
-15.99
-9.73
32.25
-40.75
-46.83
-42.19
-46.00
25.93
41.20
49.23
28.70
-39.42
40.00
-49.08
-38.34
-46.29
44.56
37.74
25.60
-14.39
-25.13
-19.24
-42.85
40.73
28.72
-48.32
-5.19
0.20
4.18
-2.55
7.53
23.33
8.29
21.89
-32.04
-18.30
25.48
-22.27
-42.81
14.84
-46.93
42.07
48.98
35.31
24.24
20.99
10.51
22.56
29.46
4.93
-25.92
10.29
16.01
-24.46
-20.55
-10.34
-7.31
46.74
-39.73
22.31
-8.80
7.95
49.46
-18.97
39.72
25.98
8.36
13.83
-15.23
-46.57
42.30
-42.71
-42.45
-13.82
-48.60
9.06
18.13
10.14
-20.77
6.11
26.75
-21.39
-35.22
45.15
-14.57
-34.76
-26.90
24.94
-35.16
45.00
-21.24
-13.80
-18.39
-34.34
2.94
-25.77
19.52
-14.24
-40.37
-48.18
-5.67
-28.58
49.41
45.47
46.28
-35.83
-49.61
16.85
7.29
-45.53
-5.23
13.00
30.26
21.78
-12.88
-36.14
-13.15
30.78
15.75
-36.17
37.16
5.54
31.82
-4.97
49.62
38.81
23.03
24.55
2.94
31.91
-12.02
35.15
32.94
2.00
25.60
29.57
-3.04
38.57
-10.24
-17.65
15.72
38.35
23.72
-0.29
18.57
-1.15
-19.18
-11.85
-38.19
4.91
-41.11
25.37
11.62
-0.57
23.78
-26.53
-16.70
-9.94
-25.60
-26.64
6.96
6.73
6.47
12.33
45.74
-8.46
-35.12
-38.42
27.44
-27.77
35.76
39.84
-37.10
42.96
18.51
-29.34
15.28
-47.73
35.20
-34.01
-46.96
-23.06
-19.68
-13.27
-33.33
42.63
-12.67
2.15
-45.89
37.50
-9.96
-5.60
-16.88
-46.73
-13.22
31.64
20.13
-20.23
-26.84
-35.85
-25.34
-26.31
-4.86
-18.82
45.97
19.82
-11.40
3.29
-25.71
4.26
13.52
-25.13
-7.19
22.60
-38.47
-35.49
48.75
-46.10
14.06
-22.82
11.59
40.71
-45.09
31.34
15.21
29.53
-3.92
-43.20
-13.37
42.08
-41.82
24.45
-1.30
-32.37
-41.77
27.82
46.79
-10.66
-3.35
-1.82
-10.01
-16.62
2.30
49.97
16.37
-41.24
-9.78
21.16
-11.18
37.70
10.05
-5.43
2.98
11.78
14.69
-39.57
42.06
47.60
-41.19
7.77
44.76
-43.21
44.42
13.01
11.74
-9.72
-32.99
27.71
-35.89
-35.70
-20.25
-45.88
32.57
-23.72
-14.39
37.41
0.24
23.25
-12.31
-3.76
43.81
-7.90
-23.55
-40.26
17.82
-48.64
9.42
-21.94
5.28
37.82
43.50
26.39
13.94
-2.58
13.10
27.56
32.12
9.82
8.17
-22.65
-29.30
-1.53
-4.43
-31.74
8.25
4.29
44.41
-27.52
25.70
-20.36
-38.73
-37.14
-36.81
41.74
14.99
21.96
-42.36
9.70
32.20
13.38
22.03
37.95
-25.38
-32.81
9.35
-49.97
-32.92
-38.11
-36.70
-28.24
31.15
-31.31
-4.54
-39.93
-6.42
-38.86
44.56
25.12
-19.14
-17.17
-32.94
47.00
-18.17
8.96
-19.58
-4.36
-41.38
33.88
30.51
-27.36
12.91
-34.15
-17.27
7.30
-30.67
13.02
42.81
-44.56
20.79
-0.31
-2.15
-30.58
-8.73
-38.86
30.57
30.37
11.23
26.83
0.54
-40.49
-32.39
16.73
5.10
-45.27
-13.87
43.69
29.46
30.23
27.02
35.91
-29.26
-27.28
26.88
-32.07
-26.11
-34.05
-0.61
15.86
48.67
-23.46
15.22
33.39
46.53
39.27
17.73
-21.47
-36.40
27.14
-4.84
8.02
2.05
42.89
22.18
-3.73
-34.54
22.32
4.35
28.74
-13.69
-2.85
7.18
-34.19
-16.55
25.15
28.58
-27.43
25.78
-41.16
-22.12
-37.54
34.67
-9.39
-42.18
8.04
-7.81
-18.61
6.72
31.12
34.66
-46.71
47.34
-3.88
2.00
2.02
6.21
-4.41
-18.03
-35.88
12.45
34.70
35.48
-43.75
-41.01
-6.96
14.24
-11.14
10.32
-34.11
-14.76
44.99
-28.92
-34.86
-42.16
6.54
-12.55
-9.89
-31.13
4.83
39.45
-37.51
18.50
-29.67
-3.66
-43.66
-34.40
-43.31
49.81
44.08
-14.93
19.14
9.69
22.41
-38.48
33.43
45.78
-21.66
43.82
-47.43
-14.07
4.74
13.42
11.62
35.27
-22.53
25.37
7.16
-35.65
-38.61
-34.25
-1.91
25.25
21.61
31.66
-3.10
-6.56
-22.19
-19.40
46.36
0.87
-45.34
15.16
5.87
21.00
49.30
-34.53
3.59
-10.11
-41.87
7.60
45.79
-0.52
-20.69
8.52
13.32
-21.48
34.98
20.47
16.53
-14.97
37.78
-43.85
24.47
-30.37
-40.25
-35.41
32.38
33.88
48.67
-7.39
-18.20
-0.62
-23.07
-39.00
1.99
24.47
0.72
6.46
-1.47
-46.74
-45.98
40.35
-25.16
-41.08
0.70
-46.43
36.23
47.57
20.92
-46.71
-7.82
22.25
13.19
-48.43
42.48
-32.66
-47.55
38.81
5.35
3.03
-43.83
-34.74
21.78
-23.26
-24.54
23.07
49.23
3.78
46.34
-31.90
39.88
42.96
7.25
45.83
-16.05
-5.18
13.56
-10.84
-12.84
39.57
-43.04
36.76
42.47
-10.04
28.36
-19.35
-48.68
20.42
46.55
-11.03
47.15
47.57
11.74
-34.47
-25.28
-19.92
32.96
2.00
-16.89
25.61
21.44
-49.93
-3.05
41.77
38.21
-8.59
41.23
44.05
33.68
11.19
7.80
38.94
18.93
-12.51
-31.23
33.22
-35.29
-6.77
-38.81
-18.71
32.10
-29.95
-9.58
-28.28
1.15
-26.04
25.36
21.57
-21.46
11.85
-12.28
42.15
33.28
-15.40
-30.27
-36.22
30.88
27.70
49.74
-41.56
10.53
-6.33
13.85
-20.81
-22.49
-48.35
32.86
43.16
-36.80
-10.70
-11.21
20.82
39.35
-10.55
-7.35
-41.62
-40.47
19.92
-13.62
-47.26
40.90
18.59
-24.45
18.45
-7.52
-22.05
-3.30
34.89
42.29
33.17
-16.50
38.51
14.96
36.40
-40.84
29.71
-36.02
-44.17
49.13
-3.08
-31.85
-26.98
-22.34
21.37
-39.24
-35.87
-15.33
15.35
-28.46
41.87
-24.87
-36.18
26.58
3.43
-7.76
-15.04
-30.71
-23.06
-12.17
-1.55
37.02
-16.21
48.55
-7.84
-48.30
37.79
24.95
7.62
-39.06
-17.05
1.90
22.57
-3.88
31.74
43.65
-5.11
-2.09
2.73
44.23
46.53
-3.59
-27.41
15.21
8.01
23.16
-48.80
46.36
14.88
-24.96
-39.55
-17.56
45.75
46.69
47.68
-31.01
18.33
-2.99
-7.42
33.91
14.56
18.03
-26.90
-12.30
-10.93
29.75
40.00
45.27
25.94
33.52
12.72
-5.47
48.09
18.08
49.48
-36.81
-49.17
27.52
-36.28
-35.78
26.67
-31.61
-44.09
32.11
-28.33
-45.64
4.68
-2.02
15.71
-38.73
14.62
-10.61
-1.50
-7.35
49.44
-17.44
21.23
36.60
-11.49
-20.83
39.82
28.42
32.51
27.70
29.67
20.26
49.76
-39.73
44.43
-0.99
-1.77
-30.36
11.46
-13.27
-19.17
8.62
-44.83
4.09
-8.97
-46.20
16.45
-23.43
-15.43
39.57
40.59
15.67
-30.90
34.30
39.62
12.97
38.17
0.47
-4.43
43.49
-11.42
-46.57
-39.42
-13.44
-49.26
8.87
26.91
37.71
30.70
-11.25
-14.52
2.53
9.27
36.82
-35.09
35.36
-31.00
-19.12
44.82
9.31
22.72
-33.40
-33.04
-17.82
-0.99
-20.22
25.51
-47.18
-0.90
-31.75
4.09
-13.35
-22.39
-27.59
40.97
25.59
15.11
-25.60
46.61
-12.35
44.25
-20.27
-32.45
4.68
-36.63
-47.41
-10.22
42.53
21.47
35.85
0.90
-2.20
-13.29
0.74
-14.49
-32.79
16.83
-12.77
10.84
41.55
34.59
15.90
-28.84
-15.13
-26.37
-25.05
-1.94
21.01
1.15
11.81
11.46
-34.98
42.54
-12.32
-18.54
4.80
29.84
-14.30
-5.51
-40.63
-28.38
-1.46
-30.68
14.86
-5.73
-40.41
47.76
-33.59
36.79
23.52
-6.87
-25.12
-9.85
46.54
-34.44
-18.92
-39.90
-35.57
7.28
6.68
-2.00
17.33
-36.70
11.40
-11.91
24.30
-16.56
-31.34
1.49
-32.25
0.12
-31.51
27.52
8.05
-47.11
-44.58
-28.98
12.16
35.68
-38.17
-39.41
46.42
-24.55
2.68
47.49
-46.52
12.09
-43.84
-12.90
5.91
38.50
-33.26
-14.08
5.09
-22.86
-28.04
-34.25
-27.24
14.63
-27.53
43.69
-34.93
-10.28
35.82
-48.23
23.78
31.32
49.08
23.16
-31.88
-26.56
12.61
-46.74
21.94
31.33
-2.16
3.52
-34.43
9.64
-24.04
-46.59
-0.37
27.21
-39.30
21.52
8.80
-14.45
-1.26
-29.03
17.46
-21.53
-15.76
-14.11
36.63
38.82
-29.93
-43.88
11.43
44.93
-2.21
35.29
-8.11
-35.69
-29.30
44.06
-33.46
-5.25
-49.91
-25.61
17.62
-25.69
-36.78
13.67
-20.46
-29.29
-26.45
48.05
8.39
27.93
-21.19
23.28
-1.22
43.17
-29.85
38.17
16.97
-28.96
7.25
21.11
-45.92
3.30
38.35
-6.87
41.82
-47.58
21.61
-47.63
14.50
-24.98
-15.11
24.45
45.85
7.39
-5.47
10.49
36.85
49.30
-9.16
30.64
-18.30
24.84
-12.47
4.61
-7.08
-30.85
25.88
32.67
24.07
38.66
20.09
40.71
-11.79
18.99
30.09
31.25
34.38
9.57
-49.89
38.52
10.12
-3.24
7.22
20.28
8.25
-11.51
22.39
31.58
-31.44
-27.53
-1.21
16.52
-18.91
-22.69
-33.25
22.68
16.66
-38.53
32.95
-9.85
-7.71
28.14
-47.46
-8.08
-35.28
-33.77
-32.59
5.89
33.28
47.11
30.95
-20.29
25.08
-35.15
-29.52
9.67
30.03
-6.39
22.07
-8.10
-49.02
-49.90
9.39
20.34
35.17
-8.83
28.06
-0.62
-42.88
47.29
40.07
11.44
30.28
-9.25
-20.79
29.42
34.98
-35.41
17.40
-7.35
-36.34
-47.32
44.58
-29.12
0.68
-45.68
-29.71
25.65
-25.99
38.16
-36.33
40.75
38.31
-11.35
10.51
34.35
-24.60
26.36
-19.03
-15.83
26.60
-21.72
-30.48
-5.97
3.88
-1.93
-10.08
5.19
-38.12
-12.28
-17.54
9.27
-48.78
-47.93
17.92
-49.42
15.14
25.37
-36.59
15.50
36.02
45.05
9.05
-6.05
-13.88
12.33
40.95
-36.27
-12.23
-28.78
-13.81
-7.58
42.31
-41.89
48.45
-26.54
44.04
22.62
-0.92
13.14
-44.17
-3.04
-12.14
-36.61
-13.58
-3.95
-10.00
-48.15
-24.12
-36.77
11.48
-5.29
-34.66
37.77
33.81
-9.09
-0.09
9.34
-9.40
-13.23
-10.53
41.87
33.81
-31.18
31.20
-5.15
-34.74
-10.06
-20.29
43.38
-19.79
-41.26
35.80
0.13
-5.65
25.31
13.59
-27.86
2.76
-21.87
36.80
43.16
49.99
26.03
10.09
-41.55
-25.73
-23.18
8.67
3.00
25.47
40.18
30.54
6.46
46.53
-24.26
-40.29
-21.59
-49.06
-20.23
-4.24
-23.64
25.42
-46.34
15.40
35.13
35.77
25.69
45.14
41.45
16.74
4.09
40.59
20.36
-17.98
23.44
-12.36
10.90
-0.57
9.73
-36.64
47.99
37.88
29.32
20.53
34.51
7.88
6.63
-11.42
-16.98
-14.60
-8.13
15.93
30.22
29.85
35.37
13.87
-21.31
-18.37
-21.61
0.69
0.50
-48.23
1.52
-14.02
44.92
-2.85
-18.80
-19.98
28.71
7.96
-7.30
-39.50
-48.48
21.44
-36.55
-19.82
-28.74
15.47
24.38
-47.37
-5.36
28.86
29.30
10.65
-13.25
1.19
11.81
-7.89
-19.94
24.71
28.16
-28.77
-31.94
-47.22
-9.74
20.07
1.79
15.31
27.79
-45.66
-31.69
-49.84
30.94
-9.34
19.52
-28.75
15.99
18.03
36.92
-40.81
24.70
-34.48
-36.60
-21.86
15.73
30.05
6.51
-5.90
30.97
13.76
19.65
-6.30
23.40
8.31
-3.11
-19.58
14.00
-44.45
-24.35
-44.43
4.95
8.20
27.02
-25.07
13.90
12.03
27.84
8.96
9.78
32.15
-48.94
24.41
24.52
49.58
-18.95
48.06
-13.01
-38.19
-40.64
-30.29
-24.43
31.20
-7.21
-9.29
13.94
38.15
10.64
26.86
41.22
13.06
40.94
30.07
-28.29
40.08
-13.87
1.75
22.45
48.94
18.43
32.83
27.33
36.74
-18.15
20.25
-24.68
-9.45
-16.58
-22.24
7.53
14.07
-19.96
-19.90
-17.36
-3.42
18.37
-46.05
-26.21
0.86
-34.36
-43.54
-8.95
-11.58
-23.29
-37.21
33.33
44.78
-21.05
17.66
-39.04
15.40
20.56
-7.09
46.06
13.82
20.44
32.79
1.58
17.41
-22.17
-37.95
11.95
23.38
48.71
-22.24
-11.80
-2.11
-27.45
45.30
48.86
14.53
37.68
-28.44
-15.87
44.94
6.67
33.46
-4.63
33.81
-16.09
-0.78
14.48
-36.39
-3.04
-8.96
-1.41
-10.12
-19.75
3.25
-35.90
7.13
-4.47
7.77
-28.50
-12.44
-3.44
-49.95
-3.16
19.95
47.46
-37.11
29.75
-35.53
33.87
3.10
18.51
30.68
-36.00
46.36
42.63
-19.21
42.61
-40.52
30.82
-42.46
15.06
6.04
-42.06
37.55
21.28
31.27
48.41
14.45
-30.81
15.11
-14.45
23.65
36.36
-21.30
-23.63
30.51
34.87
-21.28
49.50
17.29
29.44
26.46
-29.46
20.80
-18.57
24.20
43.22
-8.09
2.84
19.96
27.71
-28.56
43.17
43.76
47.84
2.25
-0.54
3.11
-21.88
26.71
35.29
-16.01
-1.82
-49.19
17.99
24.28
-22.53
-8.81
34.92
1.24
6.33
-39.87
29.57
2.08
20.72
-15.26
6.06
26.94
-22.49
1.26
-13.26
7.63
24.91
13.36
-28.35
12.15
-22.06
-46.15
40.90
44.86
-46.67
43.60
-38.44
45.41
39.56
-1.79
9.06
35.64
-21.72
-6.39
-10.25
-37.02
11.40
-35.22
-43.83
41.26
4.58
-21.39
39.37
-4.33
-7.84
-8.67
-16.21
-23.14
1.35
-26.29
-40.88
21.43
4.09
-36.65
41.27
0.67
14.01
-18.07
-0.54
17.75
-7.42
37.96
0.45
-15.56
-45.96
20.37
42.25
33.09
-38.45
-23.16
-40.26
-3.18
-11.41
-37.58
2.17
21.43
-20.88
38.34
-31.11
-43.58
-22.74
-1.20
3.65
9.13
13.58
4.50
-9.89
36.00
28.34
5.46
-38.38
-11.83
-15.73
43.03
36.87
24.54
-28.24
31.10
19.72
-44.99
37.09
29.89
-43.83
-21.12
-28.98
42.36
24.49
39.08
-20.38
-17.29
45.46
21.45
21.30
-10.65
38.95
-9.79
35.42
-19.49
20.11
-34.21
6.12
-20.35
24.22
18.93
2.32
-29.87
-27.55
-23.44
9.79
-26.50
42.57
9.00
24.51
-15.33
-11.46
-4.46
7.81
38.10
-39.45
46.13
13.21
24.42
13.48
-9.62
-17.32
24.03
-44.45
32.16
-24.46
-24.34
-18.56
7.73
37.16
-48.52
-45.50
-21.25
36.60
-32.37
-48.73
37.30
2.46
19.36
-41.98
-0.22
-35.72
-6.81
13.95
18.62
-36.55
-24.89
28.71
46.58
31.72
43.49
-37.45
46.99
48.29
8.03
47.02
-44.92
-22.90
32.02
41.09
-39.54
-45.37
-45.82
-36.82
-0.85
45.68
8.50
12.99
14.24
9.76
25.62
-1.24
-30.86
23.57
-12.05
15.35
-25.61
-13.11
1.86
-23.60
19.80
-1.71
45.29
-10.03
-12.67
24.84
46.53
-18.87
-43.21
5.72
-48.97
7.17
6.80
23.44
37.08
-18.12
-44.21
48.28
48.18
23.32
-15.04
11.90
20.38
-33.31
33.46
-6.01
-3.96
38.33
-40.74
12.37
32.19
-29.94
14.36
-8.63
31.06
43.82
-8.34
45.97
43.31
-3.95
-37.05
-40.27
20.24
-21.79
41.95
-46.35
20.33
-34.41
-25.15
39.82
7.51
29.69
-18.30
29.00
13.95
41.57
46.40
14.41
-21.64
-47.04
-19.44
-14.66
12.55
10.08
-33.14
33.73
-6.77
-9.02
21.52
4.40
24.22
21.55
2.11
5.43
-35.08
17.52
26.77
38.82
-25.25
20.11
-35.66
33.90
-19.36
41.74
0.75
-34.34
34.87
14.73
-13.54
18.63
-6.26
40.59
22.20
13.31
14.30
-29.25
45.80
46.43
35.87
10.24
41.62
9.06
-14.24
25.20
5.84
37.34
24.74
-47.55
-34.07
19.40
26.56
-45.55
-29.54
28.83
-32.08
36.92
36.98
-19.37
-9.04
47.76
-30.44
8.20
-11.92
5.67
35.44
41.77
-49.01
-34.79
20.43
27.88
20.12
10.37
-33.18
-32.83
-31.41
-16.46
33.82
-36.53
-44.57
-1.25
11.18
-28.91
-12.81
-41.67
-41.04
-0.90
33.85
-8.94
43.26
-18.57
-44.62
-43.81
-13.34
-49.87
8.60
12.58
-45.43
-45.00
20.63
35.36
-45.41
-42.20
34.56
-26.86
34.14
-8.55
-43.92
-21.73
23.94
15.54
-44.58
9.87
-10.43
18.26
8.09
4.58
21.47
11.90
-10.04
33.92
15.00
43.99
-22.41
18.20
-33.66
-0.30
42.89
47.41
37.69
2.03
-26.99
-33.18
25.55
26.23
-9.37
21.43
-0.28
32.18
-2.17
17.47
-32.61
-15.73
17.54
-48.73
-43.36
-27.71
-39.54
-23.38
6.88
-31.37
2.72
29.76
-0.44
-42.77
19.46
8.31
-37.56
48.13
-16.86
4.83
32.38
47.44
1.97
28.88
-32.13
-12.44
43.07
12.29
-39.22
34.36
-41.77
-18.25
8.77
-20.39
5.62
-0.24
-25.30
-5.03
40.07
20.83
-22.38
-28.59
26.47
-17.09
30.75
-7.23
16.26
-43.96
-33.41
-4.60
15.28
-0.13
-33.57
47.32
-37.34
39.43
42.23
39.49
35.29
-45.02
2.59
19.84
-10.04
-4.51
-28.83
16.02
-43.76
-32.20
15.99
-13.13
-2.95
24.09
-8.91
14.55
-38.70
-31.66
-11.69
-0.54
-37.26
29.65
45.88
48.00
33.16
4.72
-36.41
-49.93
13.87
-45.10
29.30
27.08
-30.21
-45.93
-29.54
-5.56
32.55
22.98
6.30
22.69
5.28
-47.20
-9.07
0.71
-9.35
16.14
5.96
1.10
35.98
-12.76
-17.64
23.11
24.11
44.79
5.38
41.65
-22.35
10.62
-15.71
22.33
-14.73
-14.78
48.59
-28.27
3.61
-22.52
-33.29
-19.93
35.93
-10.34
-30.46
-21.19
39.67
11.47
1.35
-20.23
-30.94
-2.95
13.51
-15.69
15.89
47.53
-37.12
-48.96
-27.89
-1.79
-24.17
-10.92
0.87
14.57
-8.67
-0.15
-30.26
33.73
2.27
25.18
-31.32
49.56
-27.39
-28.11
8.90
28.28
20.09
-26.18
-25.99
-40.89
18.73
21.23
-25.86
-10.32
-5.98
34.16
35.90
-30.50
-45.77
-18.24
46.03
26.46
26.15
-47.23
-44.66
31.24
40.62
-36.64
40.61
-37.85
44.02
48.53
17.26
-30.84
-4.58
20.40
-7.24
-49.91
46.01
-7.31
-47.76
-6.06
-12.64
-35.41
-28.72
17.09
-1.93
28.85
-41.74
16.32
14.52
19.56
38.77
-10.45
1.08
42.71
8.07
29.75
-3.08
39.44
-6.01
-19.51
-27.07
16.23
-7.64
-47.32
40.29
38.60
-40.24
41.05
14.38
26.14
-25.72
46.42
-47.37
5.00
4.11
5.00
-47.09
-28.66
-44.43
49.65
20.20
-5.82
7.84
-20.31
-16.21
39.15
-20.19
-4.53
-25.46
26.43
16.01
-37.96
-47.72
45.08
23.14
2.15
7.28
34.12
36.68
-16.98
46.34
5.90
47.74
-46.44
14.21
31.68
-25.64
9.22
-6.17
30.80
18.65
10.17
-24.57
5.39
11.42
-45.07
-16.55
40.39
9.18
16.85
3.07
45.27
-24.85
-16.75
-46.58
48.26
45.30
-1.70
13.30
-33.70
-46.64
-0.07
17.24
-35.03
-35.49
-41.79
4.28
-8.71
46.55
-31.88
20.47
9.15
-10.54
23.16
46.63
-7.33
-30.61
-2.12
47.83
35.46
41.79
-2.73
18.11
15.42
39.47
-11.25
24.61
14.30
46.52
18.62
39.13
28.38
16.23
29.00
-18.31
22.89
2.48
33.44
-9.21
-23.72
-22.11
-19.98
-21.82
32.54
19.00
29.07
21.91
29.80
49.36
-0.60
0.92
1.93
44.45
-8.21
-23.03
-44.29
18.97
-18.81
-15.12
11.12
36.87
-19.58
1.34
-45.40
6.83
16.90
23.69
-4.05
-47.82
31.79
5.61
38.33
-27.05
5.68
-35.63
-32.12
-49.77
39.09
-4.45
44.51
-22.29
-32.71
5.51
28.67
44.31
-30.99
-0.57
10.21
32.80
36.28
42.88
14.99
44.19
8.89
49.29
-47.66
5.39
40.97
31.72
32.50
-31.58
-40.37
-2.17
26.66
-36.44
-4.28
-40.13
-35.67
26.00
15.71
-22.52
-36.91
-24.38
-40.02
-49.21
-36.45
-6.97
-2.10
33.42
-0.84
1.59
42.67
40.69
-35.43
34.53
30.20
-12.90
-40.78
39.31
-44.60
-1.17
-26.83
46.98
-23.53
11.93
-48.55
13.47
43.06
-14.75
19.81
21.92
-21.73
27.76
-19.96
20.11
45.21
-35.06
-13.75
-44.07
-40.42
45.78
-5.23
-35.27
-33.10
22.71
39.92
-42.45
-10.47
20.62
25.27
-43.26
-37.58
47.74
36.10
26.26
19.23
-8.97
-27.79
48.26
-39.63
-17.81
-27.51
4.28
33.57
16.02
-47.30
30.08
-16.26
-47.25
5.98
26.15
-15.87
37.97
22.19
22.63
43.38
29.49
-33.55
16.92
-5.83
29.41
20.04
25.06
8.49
-19.05
27.27
13.94
-48.37
5.10
11.15
10.03
-17.50
19.82
17.30
12.99
31.39
5.98
20.86
-22.69
38.03
-41.80
-15.74
-36.19
12.47
-13.24
-14.69
4.05
-10.73
16.58
44.00
-34.25
-18.46
-36.31
-35.29
-45.49
5.49
-44.18
-24.33
38.63
38.47
4.17
-8.42
37.23
-6.07
26.09
47.46
-30.54
45.08
-35.13
-48.62
22.57
5.93
-47.94
-17.35
-39.82
-16.90
10.01
17.68
-41.66
44.48
-1.62
0.76
26.98
12.32
-33.66
-10.74
46.61
-23.08
-15.33
-6.40
26.54
44.92
-3.42
1.28
-30.55
-18.79
44.05
20.92
9.53
-22.88
-2.04
7.87
-23.42
-20.60
44.48
35.50
26.83
43.96
-42.63
-41.61
-27.25
36.57
16.99
-27.64
38.82
-11.56
19.86
14.55
-32.21
29.09
-40.10
-38.07
3.14
-39.10
-47.79
-19.16
-22.83
10.41
13.28
-48.05
41.36
-10.29
7.99
45.26
-13.92
28.14
22.61
47.74
9.80
-10.75
25.96
-47.08
14.71
-29.30
36.03
5.80
25.11
-3.78
18.35
-40.49
47.86
47.30
4.07
40.33
19.83
-49.67
30.65
37.11
16.58
29.54
-23.80
27.57
28.35
-39.72
-20.37
29.47
44.85
8.35
13.19
17.61
28.74
21.21
1.17
-20.95
-0.90
44.61
-40.47
-11.49
-9.21
-25.62
-35.54
-26.80
3.59
17.05
44.97
2.53
5.56
25.48
34.47
-18.46
9.35
-3.99
9.40
49.09
-2.95
-37.87
-10.97
-17.99
29.76
-3.62
-29.88
-15.62
41.11
36.97
22.31
-2.26
-19.42
-11.51
-24.25
2.31
42.26
7.16
-8.61
-8.01
-12.78
-29.78
15.77
-3.42
43.56
46.30
-12.56
-6.47
47.41
29.05
-19.98
-1.39
-29.93
-30.08
38.19
49.64
-38.18
47.42
-12.89
1.19
31.28
40.37
-26.61
28.97
-29.19
29.98
26.05
2.45
32.82
42.32
9.87
21.67
-39.99
-43.75
-19.89
30.08
-27.08
44.71
37.73
8.88
22.76
-12.80
27.09
30.51
24.01
-9.70
14.51
-1.04
-7.83
-20.77
35.22
32.71
24.76
-21.26
-1.19
-47.35
-19.21
-15.90
-1.29
21.57
33.07
34.26
-19.93
44.58
-9.25
38.36
-17.86
-19.50
15.32
-26.08
-13.87
33.10
-17.78
-29.31
-32.14
-12.02
-27.67
17.44
-24.77
36.07
13.14
-19.23
25.50
-22.04
27.30
4.75
44.09
34.52
-11.87
-31.83
47.79
-1.23
26.31
12.08
8.67
-48.26
-20.67
14.71
21.69
30.35
26.65
-17.25
39.32
-20.16
7.23
48.91
29.16
44.49
-26.72
13.62
-43.08
-48.81
-5.70
45.95
-3.43
18.04
-10.93
-36.78
21.58
-23.04
29.32
41.77
36.98
33.56
28.99
-27.38
-29.27
-0.03
5.25
-35.39
-45.67
27.48
-26.34
14.97
-11.96
34.22
18.66
12.86
3.75
-29.66
-37.19
14.76
9.92
-11.70
43.48
32.30
27.22
-11.14
-6.14
2.91
1.21
-5.05
17.02
-28.33
8.46
-35.15
36.05
-1.45
-43.25
-5.96
1.16
19.72
16.46
-29.66
35.67
33.57
10.32
41.26
6.55
-47.42
31.68
24.09
12.51
-38.96
-42.16
39.73
-7.22
44.64
-25.99
-21.04
-26.84
13.39
26.21
16.88
-17.64
21.79
-23.29
-24.98
-8.60
1.41
44.58
-6.22
-48.59
-39.77
-24.55
18.21
31.18
-29.89
-0.26
19.22
-15.07
-40.40
6.61
-30.83
12.46
-47.59
-17.95
-34.17
9.67
43.81
33.86
-47.81
45.40
-13.20
-46.22
10.49
42.22
-31.88
47.40
18.88
-16.69
-10.27
-3.55
46.22
15.55
36.02
4.69
26.46
-30.43
-0.98
18.61
-1.99
-28.41
-45.64
7.16
15.27
-20.83
29.21
31.09
39.60
32.94
-19.68
31.67
-4.50
-19.93
4.70
20.91
33.68
-8.51
38.68
-38.79
-22.32
-35.22
-37.98
-19.14
42.71
-23.08
12.92
-16.29
6.81
27.72
36.96
-23.78
-17.46
-7.12
38.68
-46.72
-15.08
-11.47
-22.33
-44.79
16.27
33.83
-46.92
32.87
-8.31
-13.14
49.87
34.99
10.47
20.41
-21.56
-37.31
38.09
-1.00
24.92
19.66
1.05
16.13
43.84
23.28
12.60
-48.31
-32.96
32.05
41.11
13.45
-26.83
-12.41
4.98
33.63
-39.44
-34.18
28.00
1.98
-6.93
-18.91
17.19
29.88
43.14
-10.37
31.81
-43.22
39.27
-5.88
-3.74
29.74
36.18
-40.07
-27.38
9.62
-35.00
15.49
49.00
-16.59
-11.74
23.98
18.80
-8.90
-20.28
-18.29
23.13
7.76
-27.32
19.92
3.43
-43.49
-27.96
-39.32
-35.25
-33.24
5.21
5.33
-18.53
33.31
-5.08
14.31
-13.22
-23.23
-27.19
-29.01
-25.47
-46.79
17.09
8.88
8.30
12.27
-10.30
21.55
-24.18
-43.47
-31.12
-32.36
49.37
12.27
21.48
29.65
12.39
-17.95
36.18
-15.63
-8.75
12.85
43.43
-4.80
-13.02
-20.10
-19.13
42.50
36.70
-43.75
24.08
-33.62
46.71
10.60
-8.50
8.51
30.16
-48.14
49.96
4.15
-49.06
18.12
-7.65
-5.94
22.54
-10.51
32.59
-3.29
35.47
-10.22
-35.15
5.82
-9.56
30.36
-36.34
-44.29
-4.58
40.86
-40.62
27.19
44.53
26.16
9.62
-49.16
34.06
-13.07
1.46
1.06
-13.15
41.56
-38.62
-35.74
49.81
-8.27
20.40
7.75
1.81
-19.35
-19.60
-28.17
-41.34
3.44
-45.77
-42.74
-9.33
42.54
7.08
-17.59
-25.64
17.27
9.35
39.98
-15.77
-43.30
22.50
-7.77
-6.41
27.32
-21.70
4.93
-6.49
-26.75
-20.61
35.66
-41.62
-44.52
44.30
-40.15
-16.79
8.77
43.63
39.27
-7.00
-29.61
26.06
12.06
-22.30
-27.20
11.98
10.61
37.71
34.25
41.30
-5.58
34.25
25.70
-2.77
18.56
26.52
40.38
-7.44
45.36
43.41
42.95
-3.15
46.66
-18.75
29.52
3.79
37.27
41.10
-13.41
-14.08
26.29
19.19
-2.36
-38.73
-27.67
42.37
8.93
0.58
-18.82
-3.37
33.20
37.29
-10.13
31.51
39.04
2.92
39.95
35.44
46.76
0.25
-45.51
-31.80
27.47
43.34
-1.69
5.08
-19.15
39.51
19.02
-5.31
49.49
-38.66
37.59
-42.76
12.87
-41.28
-18.48
-46.56
-7.81
-9.11
31.18
35.38
-10.86
15.89
-19.68
-49.62
-23.96
-38.72
-4.43
6.42
-47.29
14.00
-3.52
23.17
-13.90
9.46
-32.34
-13.05
-46.93
-29.56
-42.43
-0.45
13.35
44.98
14.83
-38.93
-49.51
18.88
-37.97
-44.71
31.54
33.47
9.66
12.18
-47.04
22.10
-31.72
6.74
-40.09
-10.30
25.67
16.13
48.55
-0.71
17.62
-2.53
-12.77
-3.80
35.93
-32.26
21.19
-3.67
-14.85
-35.91
-42.48
-11.44
21.06
38.13
-37.34
-47.49
-22.21
-9.31
42.74
-26.71
18.35
-14.84
18.73
42.28
23.58
-13.06
-46.90
-30.68
-31.51
-35.99
32.27
-4.40
21.39
49.43
-39.94
-10.80
41.77
10.50
-28.60
25.16
45.17
-8.89
32.69
0.93
-49.77
-5.89
-44.67
14.36
21.88
48.55
12.56
36.50
-22.63
-36.84
15.95
44.14
