20
-5.81
47.34
-46.35
-4.97
-43.76
-21.32
46.11
21.34
-9.62
-44.16
-26.12
14.59
25.30
10.14
46.13
48.66
0.15
36.03
32.62
-29.36
-13.94
-13.26
-30.93
-7.97
-7.42
-8.41
-14.57
-26.00
30.67
-47.72
-37.71
-40.04
36.79
40.26
48.03
-18.77
10.46
22.16
-37.21
24.65
-18.38
-13.65
-25.22
4.13
3.48
29.92
-41.37
23.05
-38.52
-7.47
36.35
48.74
-0.22
-8.81
-43.11
45.98
-7.20
18.43
-7.54
32.59
31.39
15.08
16.35
26.89
-49.47
18.65
-19.65
-45.98
-1.06
18.19
28.08
-33.53
39.17
17.73
-35.45
12.36
-28.03
21.23
-47.78
-45.53
-2.23
4.73
18.90
2.95
-35.27
33.39
44.04
-25.04
3.30
14.91
36.27
35.64
14.54
-45.49
27.54
6.62
-38.03
-8.86
-13.17
-49.31
14.60
-49.89
-0.14
-46.00
2.83
42.59
-29.41
30.98
-21.76
-20.57
-25.44
-28.53
13.13
43.35
34.82
34.13
36.60
-18.53
-2.93
-34.07
-20.03
38.42
-47.96
-6.39
-3.50
49.11
-9.45
-10.36
27.55
49.82
-20.53
-37.46
10.79
46.54
15.21
-40.32
-35.33
0.20
45.41
-1.05
37.77
49.82
49.46
-34.90
-18.29
-3.24
33.38
16.49
-8.10
15.91
26.02
48.27
-38.26
42.84
-40.28
49.29
12.64
10.07
-18.87
-28.25
-4.95
-30.09
-34.69
4.85
3.35
46.77
0.20
6.92
11.73
7.41
-32.87
3.77
17.28
24.18
-31.96
5.74
-28.47
33.21
40.42
30.14
-7.44
-42.62
-43.25
42.01
-24.31
-27.99
26.99
41.48
-36.86
40.22
