30
48.85
-45.18
0.27
-32.72
-10.38
36.51
-22.36
-1.54
48.96
-28.07
-17.99
-2.02
0.37
17.01
-25.77
42.43
16.94
-16.96
15.41
24.58
8.31
32.77
-45.06
33.38
26.12
-46.90
-41.40
31.98
-7.22
2.89
13.36
-44.76
20.00
-15.69
15.21
-31.98
35.57
0.97
5.75
-38.39
29.47
47.83
-25.80
16.51
-36.32
23.59
-17.82
26.87
-35.82
-30.80
0.76
-35.56
27.95
13.52
-28.73
-42.02
33.00
-49.26
14.65
-22.31
35.40
-16.59
17.48
44.02
-26.36
39.23
17.32
24.77
-22.50
10.67
-5.39
45.31
-3.34
-28.13
-45.95
13.09
22.28
-0.80
44.46
49.12
-26.21
-41.01
22.62
27.15
-37.28
28.71
14.50
43.93
25.64
-13.58
-35.39
-16.93
38.85
37.31
-6.73
-10.82
-10.92
45.96
0.85
39.04
-23.48
8.12
-32.62
-17.57
-30.94
27.04
-2.75
25.99
9.96
-44.45
48.98
-48.99
5.20
27.79
-27.63
-11.94
-18.91
31.92
47.51
19.85
8.15
-31.26
-17.02
47.23
32.90
0.30
-15.49
32.81
45.70
17.29
49.14
31.66
39.68
44.01
-24.60
29.10
-16.11
-43.70
4.85
32.05
41.46
8.70
26.96
2.02
13.09
-45.17
-14.18
-24.33
-24.56
-2.38
24.44
-8.22
14.10
24.35
-9.35
32.28
21.89
-34.17
7.04
-10.49
44.45
-31.47
-23.41
-8.36
7.10
-16.11
-44.34
-45.73
49.93
-40.05
-23.59
-23.16
30.94
-32.92
41.71
-29.86
31.38
1.80
47.64
-16.96
11.71
-9.58
10.77
-4.78
21.91
-42.20
-9.56
-43.94
-34.30
35.55
0.06
-20.39
-45.49
-41.36
-4.53
-49.79
-35.78
39.98
13.35
-45.73
25.32
18.00
8.19
29.86
35.49
44.48
2.37
17.65
-17.62
16.44
20.73
4.24
4.13
-40.72
28.29
-27.80
-4.84
36.39
27.79
9.77
-14.30
-5.15
2.37
-12.47
-15.17
-43.66
7.90
-20.38
-21.01
27.83
29.37
-7.66
20.42
37.50
16.25
-35.29
23.52
-2.00
2.71
21.93
10.83
-38.80
0.60
-4.27
14.93
-43.19
25.13
-26.66
47.93
0.04
-23.58
0.68
-4.28
13.32
-46.34
45.06
-19.28
31.18
22.67
17.17
-35.91
48.12
-7.16
-36.78
25.61
24.95
-15.39
-35.77
-31.74
-8.93
-15.09
21.23
42.99
-33.19
-5.17
-37.14
-20.97
-16.57
-29.21
-15.14
35.14
-3.87
48.94
19.79
-42.01
-29.78
20.76
39.64
45.43
-30.27
-2.81
14.07
-35.89
-6.64
-41.36
-17.34
-35.85
-16.39
38.39
-49.25
-33.81
-18.57
28.29
-14.47
-29.24
10.93
27.38
-28.80
-46.23
-43.32
-23.85
-19.33
-32.17
39.42
32.52
34.51
-35.88
5.02
48.92
47.69
-13.27
16.62
4.36
9.41
-32.19
-20.34
29.92
1.98
-30.00
35.92
41.95
41.20
-19.48
34.13
-36.91
12.28
-39.32
21.70
-31.96
-16.94
-6.40
5.42
38.50
-0.59
-46.42
-3.15
49.51
6.33
41.04
-7.16
38.10
-7.09
-11.49
40.71
24.46
29.04
45.27
3.43
-34.40
47.63
-9.35
-29.18
22.07
27.28
9.63
-40.51
9.27
47.22
-11.88
6.46
-13.19
18.85
49.79
-10.94
11.55
46.49
-38.23
-2.55
43.12
33.52
-18.07
44.96
44.20
29.56
7.33
26.17
-37.95
9.54
10.11
23.16
12.93
-14.24
14.95
16.12
16.04
-19.28
-19.47
-23.88
40.26
30.21
-3.75
5.25
33.30
43.52
-4.86
41.83
0.44
21.15
13.94
-32.82
-11.97
18.74
2.25
34.30
5.34
-49.23
-5.95
-11.41
-12.13
47.12
6.74
-33.87
-35.03
11.71
25.98
35.88
44.83
-16.65
-32.66
-1.12
-28.29
-34.01
-19.77
-30.51
41.10
