40
-36.24
9.63
-32.07
-48.61
13.37
48.39
-27.40
11.12
38.15
7.48
-1.21
46.07
21.88
0.90
12.62
12.08
-2.09
14.15
21.59
22.90
-31.18
-29.78
48.05
5.25
20.62
-38.98
-41.08
24.79
45.59
-3.77
-32.12
-9.11
-35.09
-37.87
11.18
8.75
-40.26
-11.17
-26.36
23.58
-22.05
-3.97
7.56
-6.39
-17.53
24.39
44.04
36.12
46.73
-37.25
43.45
13.76
-16.89
49.60
-30.09
-32.61
10.70
-38.49
3.19
-44.12
30.57
0.75
20.67
33.46
-21.66
-40.12
-8.12
-19.34
-33.09
-28.25
28.69
6.55
15.25
-49.76
25.14
-43.69
-16.88
-10.90
2.93
-8.77
-3.65
14.04
-49.33
-43.98
-47.92
-23.09
8.11
12.28
39.68
39.64
0.35
-3.80
-1.07
20.34
-29.26
-46.21
-35.42
-35.43
-3.16
17.42
13.83
-39.60
-1.58
13.76
41.55
37.63
-36.63
35.13
37.19
-21.29
23.61
-36.17
26.61
21.83
10.63
12.00
-27.49
-45.05
8.37
28.54
-2.35
-16.34
-0.41
28.89
6.83
5.63
-28.79
23.47
35.25
39.49
4.02
-43.64
43.91
37.10
22.48
16.87
15.74
-45.22
21.62
-46.25
-19.74
-28.90
19.67
4.16
8.95
16.84
7.50
47.70
-21.04
26.12
-21.16
9.71
-1.81
26.76
28.92
-32.90
21.57
-37.36
3.54
-44.55
-34.77
-18.72
-34.95
36.40
42.95
25.56
17.69
-39.30
7.60
40.34
0.60
-45.65
-20.75
41.92
13.45
-37.38
-18.98
0.83
-12.75
9.86
-15.86
-42.70
-49.26
-28.10
-15.64
22.54
-28.56
12.25
-6.77
18.83
-30.50
3.00
29.90
-23.31
12.71
37.63
41.89
38.28
1.12
43.37
-33.80
13.01
41.10
18.42
-33.49
-6.77
-9.65
-48.71
46.44
-34.08
27.62
28.00
44.20
49.70
-35.94
-3.45
-40.37
45.54
-33.43
37.35
-48.83
14.25
8.01
-16.41
-32.68
-15.75
-6.48
45.79
44.70
48.91
38.28
21.50
13.40
34.54
-12.23
12.58
-1.13
7.12
-21.70
30.30
-0.47
38.80
33.24
41.52
49.12
-26.25
-21.88
-2.01
43.84
16.71
36.38
-4.68
25.71
17.65
37.07
27.86
-34.55
41.09
25.17
41.90
-18.83
-10.39
16.26
40.36
-37.73
-2.29
-22.11
-40.66
41.73
24.27
-47.91
19.27
-25.06
49.95
-44.44
-48.33
37.97
28.93
7.29
16.24
-45.81
-46.09
36.82
-47.76
-5.36
-32.40
20.64
-46.49
-25.65
-5.37
-20.87
16.75
-15.22
-26.60
41.85
-10.92
-39.40
39.29
-44.86
32.95
-21.83
47.64
-37.19
33.73
22.45
27.91
37.90
-1.31
39.31
28.64
-18.41
34.57
11.14
47.35
33.97
45.68
-45.18
38.57
-39.48
-35.72
43.40
-40.67
-11.89
10.50
-4.52
41.54
-35.28
-19.22
-40.71
-21.91
8.36
-19.86
43.01
-28.96
-7.78
46.57
6.60
18.49
-14.52
-36.21
36.50
10.09
32.35
22.25
-30.57
-39.86
5.38
-31.97
18.77
32.10
13.29
-26.21
-16.49
-1.58
-21.42
-22.81
-12.42
35.88
25.52
-42.20
5.88
-22.10
35.34
-34.02
-18.14
32.73
32.17
-25.58
31.44
29.04
-39.56
-3.78
-42.01
-30.88
2.86
2.22
-26.03
-46.23
-33.72
-25.27
36.27
-7.14
32.15
-45.44
-45.71
30.67
28.33
-25.69
22.57
-3.76
29.07
21.83
-37.06
35.49
31.57
44.66
35.28
-5.93
-11.05
-10.87
-9.78
-2.34
1.83
-34.66
-7.28
20.10
-16.01
43.74
40.88
38.54
20.85
17.65
40.90
49.79
33.85
11.86
-23.70
-37.92
48.96
-22.65
26.89
-17.25
42.48
-10.90
-48.43
-6.39
4.02
-44.72
47.79
43.11
12.72
-45.86
40.10
-12.54
-29.34
37.67
30.40
-19.21
-25.12
-19.95
-36.65
49.13
38.53
3.33
21.65
-17.81
-9.43
-17.32
-31.76
42.65
-6.61
19.35
-5.15
23.25
18.30
-29.43
19.83
-21.06
9.89
42.64
1.99
23.21
-48.08
-14.03
1.87
5.76
19.92
-21.09
26.88
-17.83
-31.48
-48.88
42.68
45.01
-44.74
-23.70
19.49
10.88
46.83
-40.37
9.15
48.12
-11.59
-44.55
16.42
-14.39
42.65
-22.89
36.23
-34.84
20.42
3.09
-22.37
-13.36
32.62
40.57
-15.37
48.39
-10.42
-18.98
-5.56
3.36
-37.54
-28.76
44.19
36.00
-0.24
27.40
48.96
14.27
-38.66
39.91
25.63
-13.31
-7.82
-47.57
30.05
-24.88
8.41
49.62
8.16
-39.17
9.62
-44.71
35.69
-26.77
-37.08
24.83
35.53
-31.14
26.61
14.25
17.15
31.40
-5.59
21.74
-21.80
32.70
44.76
27.05
44.77
-30.52
-26.02
-0.83
4.05
30.77
-23.24
3.28
0.51
-43.16
13.29
14.28
25.33
22.47
-31.94
35.99
27.46
13.94
-37.60
32.92
14.45
-27.33
30.03
4.22
-8.77
46.22
2.91
-31.31
5.97
22.02
-16.64
-16.42
33.33
18.48
-2.41
-9.53
27.72
-26.28
35.60
-33.25
21.75
2.99
-16.95
-37.32
28.30
-7.51
41.63
20.91
28.65
-40.50
16.44
7.78
-6.29
36.48
20.88
33.93
-9.70
30.41
12.95
5.50
-29.33
-32.36
30.20
26.51
29.38
-40.85
34.96
-31.76
39.16
11.57
16.12
31.89
44.71
-34.74
19.59
-42.98
1.85
-37.77
-4.68
-29.55
-1.57
34.02
-44.33
27.52
-17.20
-47.62
37.29
-29.14
-44.21
4.12
46.64
20.68
-46.68
35.52
47.80
14.84
-42.45
-38.53
20.65
37.14
27.26
49.80
-22.85
7.58
30.12
-27.76
-25.86
-39.75
-6.52
-40.13
1.98
0.57
-36.46
13.57
-39.68
16.86
-21.94
-2.85
-45.53
18.97
12.25
-15.05
-41.15
-9.56
-46.22
44.36
-2.21
-29.59
-1.04
8.55
-12.07
26.01
39.48
35.03
-28.48
37.14
26.41
-48.27
45.36
-8.71
-43.13
-36.48
-43.91
-21.49
27.35
29.86
-10.33
-16.48
37.40
26.44
29.73
-4.22
7.66
-27.24
-2.17
-3.56
-3.33
41.13
17.18
36.11
-37.22
-37.19
-39.35
-13.16
19.10
11.79
-46.45
37.81
-27.54
-21.88
2.50
5.19
20.35
39.12
12.53
43.67
3.97
-1.21
36.39
-20.30
-19.99
-5.91
-27.48
34.42
-21.23
-40.44
-9.12
-31.59
-37.65
1.51
19.67
-40.73
-17.19
-42.94
-29.84
18.63
-32.60
4.22
11.56
-34.63
25.49
44.79
33.59
-1.72
-19.71
3.47
-49.64
-46.64
-22.68
-25.89
5.96
-11.56
11.06
-3.73
39.42
10.69
41.46
-35.60
-45.01
-48.17
42.86
-44.58
21.88
-0.12
39.10
10.61
-2.81
16.36
30.87
22.88
25.40
3.64
13.86
-38.61
18.49
38.37
19.65
12.23
-38.41
-46.38
