50
-19.67
-30.89
-49.68
-23.43
13.60
0.55
-9.40
1.50
35.33
-38.98
21.15
-28.16
-38.33
-12.33
1.93
15.33
11.64
-10.64
16.21
-18.45
-10.51
25.96
10.31
37.72
8.69
36.59
30.18
-38.87
-36.97
43.78
-37.05
-27.88
-12.48
-41.77
5.72
-11.21
-32.09
9.68
26.08
-25.84
-48.88
33.42
49.31
-10.09
-18.78
49.13
5.70
-33.27
35.24
-21.03
-1.74
-49.20
-38.11
-34.70
5.53
-11.62
31.95
-35.33
17.47
-34.14
-5.75
14.69
13.33
31.60
-6.87
-7.11
29.31
-12.61
44.53
12.63
31.60
-47.38
-13.76
30.21
5.28
-27.95
15.23
-30.72
-6.46
-40.59
-0.34
4.11
-27.09
43.31
6.90
-18.54
30.48
9.49
19.68
2.50
16.41
13.80
22.33
30.64
-18.34
-25.78
26.69
39.07
-25.44
36.90
-27.33
-37.42
-37.61
-48.84
-17.39
-27.73
-35.55
-18.42
-29.53
48.91
31.68
31.21
6.86
-9.14
-15.53
49.71
19.28
-43.90
25.27
-47.90
-36.72
3.93
-24.85
-20.08
34.58
-27.75
45.11
-5.10
5.05
-1.76
41.30
7.20
-44.15
-33.04
21.36
5.27
-49.89
-49.24
-35.98
-27.65
34.53
-15.17
-12.22
45.88
-15.92
9.45
-43.88
0.41
7.62
-2.18
36.69
11.92
13.21
-20.13
39.33
-7.70
-8.30
-32.98
44.45
-33.92
14.46
-19.15
46.96
-1.36
-42.85
-10.90
-16.60
-25.17
-45.01
-43.11
-19.51
-29.90
-32.76
27.86
-38.56
-47.47
-21.61
-39.77
-26.43
3.20
-7.94
-43.65
-44.95
45.08
-20.13
40.52
41.90
25.93
31.83
-40.21
27.03
9.67
17.74
4.94
22.71
-7.89
9.49
-25.12
44.70
-27.64
33.24
36.70
32.06
-21.19
17.26
-34.32
39.81
-29.88
-23.65
-15.23
-6.25
5.85
27.10
-38.35
-24.00
8.80
-40.56
-37.29
18.17
21.60
-0.48
8.08
14.92
-5.97
-13.64
19.60
34.69
24.14
-49.15
4.41
-2.95
16.26
28.98
-29.14
6.09
12.03
-36.45
30.76
-21.86
-3.08
48.67
1.84
-21.45
-16.30
49.29
-11.88
-12.70
27.18
-15.20
-17.86
45.69
29.72
-0.28
2.53
-2.08
-44.02
-42.38
-46.44
30.19
-12.97
-15.43
-31.33
27.18
8.97
-42.21
-20.55
11.56
49.24
-18.15
33.28
5.31
45.00
19.77
-31.52
-46.54
-47.75
-49.96
43.76
-19.29
-18.15
1.36
10.71
9.19
-20.82
-23.14
12.33
-48.32
47.72
16.76
-11.32
8.82
-46.10
-35.46
-28.81
41.04
40.26
-4.83
-48.28
-43.53
17.20
36.21
19.03
-45.53
-0.29
-37.54
-33.96
-8.73
4.78
-26.68
-15.70
-11.25
27.75
-31.98
-21.25
-9.43
-28.82
18.77
-44.39
-19.28
8.82
4.08
-41.47
18.74
28.83
5.53
-45.30
13.17
15.42
-10.15
0.93
-49.69
-3.71
-4.49
-47.68
18.55
4.10
17.57
11.18
20.79
-25.06
38.46
-47.64
46.53
33.83
-17.05
2.37
-16.22
-1.88
-14.29
-5.17
-13.49
-36.78
47.08
-28.11
-22.19
21.92
18.37
-47.21
-39.01
8.48
2.20
44.09
31.49
-48.15
-25.08
23.88
30.84
-31.54
38.56
-8.06
-39.50
24.33
-12.10
41.65
-21.42
48.76
34.55
-24.32
34.81
-12.61
-35.59
-42.78
-39.44
41.17
17.56
-38.69
19.82
49.44
-29.74
-33.45
44.08
40.44
-32.40
6.75
19.82
-9.45
2.45
-16.20
-29.44
4.75
-38.87
28.74
-22.72
-44.87
-40.10
-13.90
10.66
-8.32
-22.71
-11.88
6.60
-29.74
47.03
-19.79
2.45
26.20
13.81
-43.39
-34.35
-41.14
-30.02
-33.72
-11.44
-17.49
-15.18
-47.19
-6.14
41.73
10.40
-0.59
-6.58
-13.91
-2.11
-39.53
-29.93
47.65
-13.66
-25.97
6.56
-32.10
32.59
-33.26
-31.01
-24.28
35.16
-18.24
-37.08
27.13
-32.32
-16.54
19.50
-20.99
-21.80
18.11
36.37
-15.72
29.40
39.27
-6.53
-36.27
-48.06
38.22
-12.78
31.21
-42.01
-44.55
-21.41
22.99
15.46
-12.72
29.94
9.64
14.71
43.45
13.69
49.31
-31.13
-44.12
11.94
-25.01
-23.27
-13.11
-9.99
-4.87
42.66
35.67
19.59
27.03
-7.95
-3.95
47.17
-24.73
42.54
-24.22
-47.64
13.96
-8.31
47.54
17.02
30.57
-40.40
-34.57
31.13
41.73
-18.39
47.35
-5.84
-3.01
-19.32
-7.06
31.74
45.05
-38.63
-20.16
36.55
49.01
-41.50
-43.26
-40.24
1.84
41.97
30.74
24.63
11.75
26.49
28.66
7.44
-2.24
-39.94
-2.87
32.66
-39.20
-32.03
-5.09
-41.04
-27.62
10.87
22.01
-9.37
-46.03
-25.44
25.13
34.94
3.76
46.97
16.64
40.32
-35.97
-46.54
44.94
-7.80
12.93
15.29
-41.56
14.08
6.64
-31.54
12.29
19.83
-4.94
29.57
-22.81
-10.32
-17.39
24.42
23.17
-2.43
8.82
0.52
-32.30
-0.05
-21.42
29.96
-3.11
7.56
-19.31
-28.99
-8.35
0.61
-4.66
-1.87
16.36
15.32
5.78
28.44
-43.54
24.78
-2.16
-30.09
23.92
-38.79
-48.15
-8.28
-15.72
-22.23
6.09
-29.87
-2.13
28.22
-1.88
-5.05
8.77
-49.37
-28.92
30.77
-39.75
-22.91
-34.40
15.17
-37.31
-44.06
4.88
41.28
-8.76
-35.07
20.43
16.49
44.20
14.43
-41.04
10.70
-49.49
-11.81
-42.91
7.69
-25.35
45.84
-29.94
-48.54
30.98
16.11
-7.17
35.76
-14.17
42.69
17.55
19.39
-4.69
5.60
30.29
-37.48
-0.36
30.28
-38.50
-30.00
-29.39
13.58
-30.34
-3.44
-12.14
41.63
-44.27
15.50
1.65
47.80
-22.79
-22.06
25.19
-39.28
-45.28
-7.39
-11.99
22.21
41.76
37.70
-26.87
12.67
-41.30
-24.32
-44.37
7.77
-24.32
-20.42
-42.06
4.24
-33.90
-4.95
37.98
-5.15
42.22
-43.81
30.27
43.33
27.34
45.34
-32.56
8.12
15.59
36.86
19.52
-9.15
19.16
-6.58
2.12
40.05
5.66
-10.54
20.77
23.53
-16.25
20.96
38.60
-6.04
3.72
23.52
-22.84
11.25
1.68
-38.93
-14.04
-47.31
31.05
-33.26
45.65
37.26
-7.26
14.11
1.45
13.82
-3.00
-27.61
-40.96
14.95
-35.96
-47.85
13.31
-42.44
-2.01
-20.37
22.04
-20.38
49.27
47.06
-19.07
38.29
14.37
-25.79
4.49
-41.24
8.43
-18.16
-32.05
15.72
-13.46
21.73
19.41
49.35
-17.95
30.07
28.60
-33.28
-22.91
-29.34
-1.11
-44.26
19.15
13.17
32.55
43.87
-49.42
47.52
5.67
-33.40
23.01
-29.71
-21.03
-28.32
27.60
-8.56
43.33
-25.56
-16.12
0.52
-25.19
-3.46
-5.32
0.25
-47.07
-33.78
-7.12
-37.68
-21.95
31.38
-23.12
-14.40
9.07
38.62
-43.99
39.75
30.97
-38.85
4.43
-40.91
-46.87
16.38
-47.25
10.44
34.18
-0.04
30.34
-3.05
26.76
-22.66
7.96
-25.05
36.48
16.07
-19.64
-44.67
-6.65
12.59
-28.35
32.37
41.15
-34.34
42.20
33.59
-39.58
-24.63
25.48
11.84
-45.99
1.40
25.36
7.78
40.92
-2.91
-39.83
-5.18
23.54
46.89
48.44
-18.36
16.15
-25.89
-6.92
-12.16
48.67
-47.16
35.54
27.30
-11.66
-46.30
20.01
30.56
-45.64
-23.76
28.20
13.06
35.69
-27.19
20.33
48.76
-39.44
48.28
44.76
40.42
7.85
27.98
-40.32
-12.79
-5.07
22.26
43.70
37.66
24.63
-19.81
-40.72
-17.92
24.52
17.35
-27.51
-17.80
-34.10
22.82
26.10
-42.37
7.08
-0.73
8.77
49.16
-34.47
-33.48
-37.13
-43.00
-12.84
-36.09
25.35
8.11
47.30
19.41
2.27
41.92
-12.46
14.94
35.77
15.54
-34.35
-34.00
34.30
20.96
-28.77
-48.68
2.02
-24.84
39.15
-26.39
20.96
-8.82
-25.35
5.86
11.08
-36.64
-10.43
-20.45
17.52
2.97
37.13
0.71
-48.17
42.08
24.55
37.72
44.37
-17.24
-22.68
10.94
49.15
6.35
26.52
28.10
-21.34
-26.56
-8.22
-47.94
36.69
38.73
36.09
-42.38
-40.13
-22.77
-23.77
32.70
-25.01
-31.93
42.46
6.06
28.46
10.74
-5.27
38.22
46.67
-45.42
19.04
-4.72
41.68
7.03
47.34
36.50
-14.80
48.76
-33.04
-14.57
35.78
24.38
11.52
21.78
19.03
-3.67
-45.59
26.71
28.66
46.65
-42.33
37.59
37.56
-13.70
-35.16
20.05
-17.87
-15.20
-35.67
44.88
10.78
-35.26
-8.34
-34.70
-31.98
14.57
-16.74
26.14
19.06
-38.74
42.58
0.47
7.09
9.84
29.88
41.87
-25.22
0.55
41.27
-39.51
-24.90
-43.28
-0.50
-19.96
42.51
-3.74
39.45
9.03
-5.07
-42.18
34.59
-35.13
-10.71
49.50
-22.97
21.89
-40.82
-38.27
-6.33
15.73
21.65
-0.78
-46.52
25.45
-47.91
-22.71
-2.98
-27.74
-8.89
-3.39
-1.92
18.77
-34.77
-42.37
49.75
26.79
-25.29
1.01
-47.88
32.74
25.77
-36.60
-32.43
29.95
-37.80
19.44
0.79
4.93
-18.22
40.38
-44.46
-39.46
6.62
37.04
17.75
-26.47
13.48
-29.11
15.46
-24.29
19.82
10.67
10.28
18.98
-35.29
-16.07
-18.05
-17.58
19.61
23.09
-22.16
6.80
13.65
33.80
12.93
-3.77
-39.83
19.67
21.88
10.02
27.11
-18.07
-15.35
-21.65
2.37
-24.73
-30.00
14.97
-32.76
41.72
-33.22
-32.85
5.59
-36.73
2.14
38.65
45.15
-28.89
-22.05
44.91
47.76
24.11
-8.27
11.43
40.31
22.74
47.09
6.00
5.21
-44.30
-0.17
3.46
29.96
-13.70
30.94
17.47
48.97
-27.22
-15.07
-1.62
-2.27
-16.95
-36.73
-12.03
39.19
7.64
16.53
42.81
15.50
-2.94
35.91
-13.83
24.26
49.45
5.18
25.15
17.77
-46.88
37.35
-25.41
-23.60
44.37
-12.94
-37.87
12.50
-24.04
-1.01
49.82
20.16
3.83
25.82
-3.15
-2.20
-9.40
24.57
5.34
35.69
-6.85
19.70
36.47
-21.64
48.56
3.16
-42.34
43.23
-2.19
26.77
-16.56
0.96
-10.21
31.12
2.11
0.61
-10.34
46.13
38.51
-46.90
-25.08
-6.62
-10.98
-29.69
40.24
18.10
-20.82
-6.12
47.79
-20.65
36.55
37.71
-46.37
31.12
42.01
11.33
12.84
34.12
20.91
-12.71
15.89
48.39
-37.54
25.34
37.28
-29.99
10.33
-31.73
-16.40
-7.95
-49.46
-19.80
12.72
-10.90
33.43
6.41
-41.50
47.86
6.05
-3.94
35.97
-8.03
-1.70
43.64
20.79
