50
-48.19
43.21
24.83
21.72
47.64
12.71
32.02
-48.85
9.94
-7.53
-34.35
-38.85
-32.29
-3.78
0.10
46.12
-39.03
8.90
5.03
-32.21
25.32
-30.93
19.85
15.39
-42.64
-25.06
28.57
13.40
48.50
-47.26
12.25
18.18
20.40
3.95
-3.30
29.66
-44.70
-35.21
18.62
19.63
-8.90
-29.66
5.44
44.29
42.96
14.07
1.02
-34.32
20.49
33.53
-27.78
-46.37
33.01
32.79
0.00
-21.89
13.87
-26.76
-7.46
30.49
49.47
25.67
-42.22
31.16
-31.63
-21.31
38.03
-8.80
31.87
41.13
40.18
-3.92
-31.74
-40.60
-8.19
-29.55
10.29
-5.25
15.49
-35.08
27.60
-30.04
41.64
-21.93
-5.85
-0.11
-26.58
-10.17
-5.52
-33.40
-23.28
36.23
-48.15
-14.31
-7.61
-0.72
-43.45
37.92
-41.20
21.24
-16.82
7.54
-11.67
-22.53
12.00
-22.53
-36.78
-41.53
11.37
-20.11
3.23
18.35
-4.27
-9.24
10.71
44.40
46.89
-13.19
16.60
-9.62
-25.04
-45.76
35.64
-5.38
-0.19
-49.94
-11.91
-26.35
-46.15
-31.23
-38.75
41.46
42.71
-40.06
-35.61
-44.62
-48.53
-24.58
-22.16
30.34
-48.83
-1.01
8.78
-4.62
42.75
25.73
44.38
-11.68
-26.30
13.45
36.27
-2.38
-23.35
24.51
-40.65
-35.90
8.10
12.79
-37.16
49.38
11.17
-12.67
-28.44
-37.17
-13.84
2.26
1.71
14.14
29.59
-19.42
26.55
25.00
-6.18
-21.49
-34.93
-10.21
27.34
36.51
-30.71
22.93
-21.58
43.44
-45.76
-31.84
-15.92
-39.13
49.01
-26.19
20.40
16.30
46.71
-42.52
-39.65
-24.24
-3.34
-6.91
-28.97
49.19
13.05
-45.98
-16.79
-34.75
-29.13
37.13
-16.64
-24.05
22.09
-25.92
10.45
16.34
-6.95
8.78
-11.71
49.51
17.31
-17.08
-12.27
-27.21
17.29
24.87
-7.40
47.94
-27.02
-18.22
38.08
44.54
5.88
-30.66
1.08
-45.92
-37.06
39.30
48.32
40.11
6.01
-19.14
-10.39
38.92
0.43
-21.16
41.75
14.76
48.45
48.87
-18.96
3.81
32.08
-42.13
-48.38
-48.22
13.92
16.66
1.09
-38.39
-5.75
0.77
34.81
19.68
37.79
15.50
16.00
-38.29
-34.97
-28.51
-9.84
-27.31
48.82
-21.40
-21.12
-10.76
-30.02
-2.78
-29.03
-12.70
-37.28
8.68
36.90
-6.74
24.85
-20.41
6.04
-47.71
-23.86
-1.96
-23.90
24.32
23.56
-45.44
-31.29
-45.07
31.86
24.86
5.85
-13.80
4.48
-12.58
-41.53
30.85
-49.18
-25.23
9.84
32.01
-46.54
14.23
-15.57
-29.79
-48.23
-38.80
15.69
-40.16
26.48
-34.05
-34.81
-2.32
4.21
43.67
-40.04
-12.21
0.49
36.70
-15.43
-31.03
-14.78
-32.40
-49.30
13.75
-14.68
-17.57
-32.38
-48.78
36.12
-25.42
-45.68
-10.29
-44.91
-38.78
-33.61
-19.85
39.41
-43.09
-41.17
-34.04
-17.76
-48.24
-30.10
11.20
-38.13
-44.72
-9.61
-14.99
-17.71
11.16
-22.26
7.60
34.41
23.29
-14.89
30.55
2.76
-41.53
1.78
32.65
-35.53
7.81
43.06
-38.75
14.18
-4.78
-14.49
38.90
1.59
18.85
16.44
-15.22
-13.33
-0.58
-44.73
-28.08
1.87
-12.11
8.87
-48.15
-40.00
-45.85
43.04
31.02
-37.88
38.42
-12.27
-24.42
40.64
-2.74
45.14
-45.34
19.24
17.57
36.55
6.09
-16.25
3.36
6.26
23.08
35.65
-37.40
-0.66
15.55
43.45
34.53
43.33
-4.30
16.43
1.13
-6.13
-26.39
-0.49
21.06
48.71
25.94
28.91
8.93
-4.17
18.42
-6.27
-41.53
37.05
20.94
20.38
-25.92
20.83
-46.72
34.14
32.25
25.37
38.83
-45.44
41.33
-43.88
23.92
-49.71
6.57
-39.21
41.15
12.73
35.49
19.18
-43.38
7.75
38.32
35.31
42.87
29.96
-12.29
44.86
-37.86
15.10
2.80
-47.82
27.76
-37.58
13.42
28.27
35.58
-18.39
42.39
33.22
21.56
6.15
15.79
-24.78
7.30
8.74
-25.48
-18.38
40.58
13.41
13.59
37.21
24.84
23.74
20.33
39.67
-41.73
-23.19
17.14
32.97
-28.94
-11.48
40.17
5.76
-42.54
-22.53
1.30
-16.60
48.52
41.99
-12.46
0.30
-39.39
17.36
49.36
11.92
-14.83
-40.90
17.54
-5.19
-44.05
-17.96
-33.54
-12.70
41.40
34.75
11.34
43.78
-38.20
4.09
-13.42
10.63
23.65
25.77
2.87
-16.31
-3.13
23.19
21.87
-26.33
34.50
9.25
19.15
-11.39
48.98
-36.56
28.04
40.47
14.41
40.25
-29.44
-3.02
-40.16
-26.36
-15.23
29.00
-44.79
17.38
-47.67
48.76
-31.52
1.26
14.94
-4.92
-9.69
-10.93
43.66
-2.26
-19.20
-4.18
-8.56
45.32
-8.17
-40.86
15.73
-11.88
-41.97
-37.76
5.48
31.05
29.67
-25.45
-15.03
10.10
41.42
10.12
-4.84
0.37
-27.45
3.68
-27.07
-26.23
-44.05
-30.64
-41.87
9.99
36.24
38.36
-41.04
-34.26
-39.49
-31.90
-2.74
24.08
8.89
-22.18
37.23
-21.87
37.22
-6.57
-26.98
-48.10
8.65
-22.34
14.25
24.15
37.37
-19.18
-38.54
1.31
-46.37
-27.72
8.29
-20.10
26.63
2.73
41.65
49.92
49.25
3.75
36.97
16.75
-2.90
-47.70
-38.67
-38.94
23.13
15.41
4.48
13.79
38.75
42.72
-45.31
-3.67
-37.53
-6.57
24.62
-35.20
-12.15
-32.03
11.00
1.84
34.17
-35.51
40.99
19.16
-5.04
-4.23
18.06
-30.07
-7.41
-17.19
30.82
21.20
-19.96
-11.76
29.10
3.51
5.19
-35.33
3.55
37.43
-32.66
-28.90
27.20
34.77
-49.02
-46.23
30.65
-13.94
17.50
-2.83
-14.16
-24.62
-28.00
25.42
-32.06
8.35
-0.41
-25.35
49.52
0.11
-17.21
-37.02
-43.28
46.13
-29.41
-43.81
-16.69
-9.36
-32.02
-35.41
15.14
15.06
-45.13
9.13
-34.96
-8.17
23.11
-36.51
-44.03
-11.99
41.31
12.90
19.05
-42.89
18.66
-29.93
-7.75
28.02
40.60
-45.92
15.31
-14.90
-7.49
-31.09
17.11
35.29
-29.73
14.94
-17.29
-25.61
0.79
28.98
-30.99
-2.26
-39.84
-23.91
10.42
48.37
-17.82
10.17
18.85
-40.59
-4.32
-21.01
36.01
27.21
15.91
-25.53
40.15
46.37
41.68
19.02
44.33
48.72
-21.67
34.84
48.77
14.40
14.30
-35.23
25.85
-34.75
28.29
0.11
23.34
8.06
-6.40
24.31
-31.68
-31.49
-23.75
-0.95
42.89
45.44
-5.71
4.14
-19.35
19.19
17.39
-8.19
2.88
-31.79
37.37
31.43
-27.33
-16.58
33.62
1.96
-4.00
21.25
-9.92
35.38
39.85
3.09
-5.29
27.34
-30.88
-48.49
-33.08
8.34
26.53
-48.28
13.45
12.85
-7.37
40.32
9.11
-7.63
-33.30
-46.82
35.16
-6.52
3.56
8.84
-14.75
-37.97
26.06
-35.07
-33.65
40.75
8.77
-39.07
-19.38
-1.01
-5.84
-47.11
-27.15
-29.33
-40.40
-47.04
-32.15
-20.79
0.63
9.83
2.31
-3.34
34.23
5.03
-23.68
18.52
-45.96
-5.75
11.30
35.28
-10.89
-6.97
3.15
47.00
27.43
-8.27
1.93
-1.64
-34.18
-14.04
33.04
8.20
39.34
25.61
-1.80
29.43
-35.39
18.03
-40.14
3.70
4.04
-30.88
17.09
-32.20
21.08
9.95
27.31
28.75
49.85
35.70
14.49
48.45
47.16
-21.11
31.35
-30.28
29.44
49.64
11.06
-28.99
22.85
1.51
-48.03
-40.92
-29.17
23.96
28.02
-4.16
-49.99
19.57
6.87
8.51
43.03
-2.64
-11.90
-49.32
4.47
2.57
44.60
-33.99
35.00
7.33
-38.43
-44.16
47.89
6.84
19.81
-32.44
-28.03
1.38
-37.49
1.27
-14.34
-4.46
18.05
-20.89
17.70
13.20
25.39
33.63
-17.94
9.04
22.90
49.56
36.71
-44.17
17.06
36.67
-30.79
0.13
42.81
20.56
15.23
8.81
-35.85
12.99
10.98
-26.49
40.34
-36.44
-35.34
1.09
1.01
0.50
8.25
-5.99
31.39
40.17
-43.56
16.93
-31.66
-18.32
-43.19
-47.02
46.87
6.22
-37.87
-23.57
17.42
-31.05
-5.70
7.33
-25.38
5.42
-2.52
-32.10
0.17
-25.74
-2.53
30.68
23.85
23.19
-5.58
33.91
-49.95
-3.81
16.02
41.02
-20.03
-3.44
49.74
37.94
-16.12
-17.39
-45.48
-5.62
42.23
0.51
24.20
-36.33
-20.34
-47.62
38.58
-41.03
-38.27
-43.13
-8.91
23.83
10.51
-16.06
26.66
9.19
22.51
36.10
-42.05
-19.50
39.73
4.28
-46.13
4.01
33.18
47.93
10.21
3.93
7.13
36.41
19.02
39.18
21.68
41.37
-49.23
21.75
-38.31
-11.62
-48.68
-12.32
-49.21
-40.03
34.17
35.52
20.54
-7.66
18.04
-32.12
-2.99
22.84
19.26
6.61
-40.44
26.61
-40.60
3.92
-39.78
27.33
-10.78
38.41
-34.62
-20.99
-37.85
-32.39
-3.09
-6.10
12.66
6.64
4.11
34.75
7.94
16.52
-5.59
-1.01
44.77
14.96
-13.26
-3.04
-41.89
-32.47
28.70
-33.40
-7.80
-22.34
36.35
-26.79
-39.01
-29.61
-26.45
14.16
-9.40
-43.60
-12.83
-14.03
-6.91
-29.32
-46.70
-26.43
-31.37
3.04
-29.40
-9.42
-29.42
-23.29
-42.94
32.96
-2.79
-14.55
-31.78
8.55
-7.63
-30.27
-43.11
-30.03
47.96
-1.79
36.95
9.67
0.99
21.90
-2.59
-27.82
9.46
-14.70
36.36
1.02
-27.17
11.59
49.58
-34.49
35.42
26.55
13.21
6.10
-26.17
-49.68
46.06
-3.89
23.33
-35.07
23.38
42.23
42.12
-39.13
40.95
36.63
47.60
-23.40
-3.80
29.55
-16.17
-29.02
-38.80
12.47
-4.07
10.68
-28.75
-10.28
-6.50
12.14
42.59
-31.32
-17.21
-49.37
-37.29
17.52
35.28
37.89
-32.46
23.38
38.74
-25.72
31.43
33.63
46.42
1.04
47.60
-21.83
-0.42
14.45
-30.34
-48.30
49.21
-45.62
18.00
-18.56
43.96
47.05
28.63
18.03
-17.20
-35.82
36.98
-34.83
-46.46
-41.32
43.93
6.92
-8.76
-48.86
7.37
0.90
-5.84
-29.40
39.00
-20.02
28.97
-2.06
-36.92
45.73
42.26
21.21
11.50
42.65
-29.81
-11.80
-12.03
-26.16
5.05
33.69
32.86
-44.01
33.39
-33.99
-40.11
14.40
8.47
21.10
16.09
-12.90
-42.66
30.64
37.15
41.50
-48.42
5.55
31.73
6.24
-10.01
5.83
30.36
-13.19
-48.57
-46.27
-22.71
-36.07
-23.60
48.15
